d_min: 0.28
orbital_set: ["3d", "4s", "4p"]
center: [0.85644, 0.85644, 0.85644]
r_max: 1.0
basis_set: [[1.0, -1.0, 0.0], [1.0, 1.0, -2.0], [1.0, 1.0, 1.0]]
atom_name: "Co"
